*Malysz Adam         m   GBGCPLPKAAA   PL03592635772459890317970416   10/2/2018   98765432109
1 10 23 30 38 2 4 
9 24 26 33 40 2 6
8 14 26 33 47 4 9
7 12 15 16 30 1 2
6 14 20 27 28 1 7
*Ljokelsoey Roar     M   DEUTPLPKAAA   NO03592635772459890317970416   8/2/2018   98765432109
7 13 21 37 41 1 6
3 6 23 40 41 3 8
6 17 23 24 35 5 10
15 30 33 34 37 5 7
6 7 8 26 34 4 10
8 10 15 25 31 3 4
*Ahonen Janne        M   GBGCPLPKAAA   FI03592635772459890317970416   1/2/2018   98765432109
2 5 16 18 37 3 2
8 10 28 40 43 5 4
24 25 29 31 34 1 2
*Kowalczyk Justyna   f   DEUTPLPKAAA   PL03592635772459890317970416   14/2/2018   98765432109
1 2 15 33 43 4 9
9 13 40 21 29 4 7
10 14 18 27 38 4 3
3 5 6 18 24 4 2
*Jopek Anna          F   GBGCPLPKAAA   PL03592635772459890317970416   24/1/2018   98765432109
10 24 27 31 41 4 6
12 23 38 42 46 4 9
4 5 23 32 39 4 4
6 9 10 16 28 4 3
4 10 23 27 28 3 9
2 8 17 31 36 4 2
15 17 26 29 32 4 7
*Kubica Robert       m   DEUTPLPKAAA   PL03592635772459890317970416   6/2/2018   98765432109
 17  24  23  29  36   3 4
 14  46  44   9  24   2 9
 26  27  46   3  13   5 8
 23  43  17  44  10   6 2
 37  27  48   8  18   5 3
 45   9   4  24  12   1 5
 21  40  48  47   1   4 6
  9  48  45  12  46   1 4
*Senna Ayrton        m   GBGCPLPKAAA   BR03592635772459890317970416   11/2/2018   98765432109
 32  14  45  38  37  1 4
 41  16  25  46  34  3 4
  5  31  21  29  22  3 8
  4  40  17   6  37  8 1
  5  31  21  29  22  4 7
  41  16  25  46 34  1 8